Super_Block_Inode_bit_map_addr 4
Super_Block_Data_bit_map_addr 5
Inode_addr 6 37
Data_Block_addr 38 69
5 6 7 8 9 10 11 12 13 14 15 16 17 18 19 20 21 22 23 24 25 26 27 28 29 30 31 32
5 6 7 8 9 10 11 12 13 14 15 16 17 18 19 20 21 22 23 24 25 26 27 28 29 30 31 32
1 16877 2 1000 1000 1558708900.19 1558708900.19 1558708900.19 1 4096 / 
2 16877 2 1000 1000 1542805483.95 1542805483.95 1542805483.95 2 4096 /dir3 
3 16877 2 1000 1000 1542805497.61 1542805497.61 1542805497.61 3 4096 /dir3/dir2 
4 33188 1 1000 1000 1558707794.11 1558707794.11 1558707794.11 4 10 /dir3/dir2/a.txt 
5
6
7
8
9
10 
11
12
13
14
15
16
17
18
19
20
21
22
23
24
25
26
27
28
29
30
31
32
1
2  /dir3
3  /dir3/dir2
4 something$ /dir3/dir2/a.txt
5
6
7
8
9
10
11
12
13
14
15
16
17
18
19
20
21
22
23
24
25
26
27
28
29
30
31
32
